0.809371 0.189064 1
 0.591111 0.053439 1
 0.101454 0.157275 1
 0.244149 0.136171 1
 0.589119 0.058052 1
 0.889553 0.945502 3
 0.889553 0.945502 4
 0.056022 0.925220 2
 0.469050 0.256969 1
 0.587011 0.168837 1
 0.584585 0.476355 4
 0.815549 0.926068 3
 0.815549 0.926068 4
 0.729398 0.225236 1
 0.264172 0.633585 2
 0.538175 0.016651 1
 0.931518 0.347546 4
 0.205714 0.522629 2
 0.400985 0.307168 1
 0.679904 0.645134 4
 0.443339 0.269022 1
 0.703186 0.332892 1
 0.214524 0.759208 2
 0.258112 0.683574 2
 0.016177 0.845123 2
 0.852411 0.600763 4
 0.321478 0.667960 2
 0.526830 0.848000 3
 0.250210 0.256228 1
 0.073236 0.514382 2
 0.889813 0.611411 4
 0.531033 0.821331 3
 0.958957 0.736747 4
 0.343959 0.359942 1
 0.043915 0.023863 1
 0.005076 0.487254 2
 0.292886 0.708262 2
 0.820146 0.507410 4
 0.467471 0.078258 1
 0.190984 0.483648 2
 0.923381 0.043395 1
 0.084411 0.244858 2
 0.711355 0.611241 4
 0.092858 0.961565 3
 0.867469 0.166094 1
 0.475947 0.757282 3
 0.777505 0.006980 1
 0.578613 0.736462 3
 0.743727 0.922572 3
 0.096404 0.787642 2
 0.946435 0.101480 1
 0.274897 0.239321 1
 0.809743 0.095043 1
 0.746730 0.277214 1
 0.173301 0.937714 3
 0.760862 0.096681 1
 0.981109 0.845273 4
 0.341540 0.692463 2
 0.654029 0.323983 1
 0.600492 0.129976 1
 0.081265 0.377997 2
 0.136956 0.659878 2
 0.114459 0.880683 2
 0.582450 0.210863 1
 0.668326 0.528885 4
 0.312343 0.943222 3
 0.768206 0.122086 1
 0.038265 0.514936 2
 0.399300 0.211565 1
 0.452650 0.160162 1
 0.308247 0.433758 2
 0.005435 0.649787 2
 0.126222 0.461949 2
 0.084185 0.780251 2
 0.785932 0.684677 4
 0.910227 0.867197 4
 0.062674 0.047183 1
 0.527075 0.177133 1
 0.927866 0.109525 1
 0.638409 0.700340 3
 0.638409 0.700340 4
 0.539413 0.406615 1
 0.822426 0.577678 4
 0.921551 0.221726 1
 0.789244 0.374201 4
 0.381888 0.097491 1
 0.807959 0.387323 4
 0.747277 0.934181 3
 0.849272 0.831462 4
 0.714432 0.635204 4
 0.671841 0.029476 1
 0.755945 0.599707 4
 0.139001 0.143942 1
 0.195898 0.777410 2
 0.844281 0.735311 4
 0.184025 0.666707 2
 0.312990 0.105576 1
 0.888433 0.102233 1
 0.479777 0.270321 1
 0.199724 0.287736 1
 0.199724 0.287736 2
 0.657643 0.947001 3
 0.221918 0.506915 2
 0.778463 0.936349 3
 0.142119 0.294601 2
 0.561007 0.644520 4
 0.873414 0.232848 1
 0.673996 0.629359 4
 0.832555 0.812997 4
 0.773301 0.028453 1
 0.590407 0.617582 4
 0.763764 0.774432 4
 0.284289 0.076753 1
 0.880009 0.172722 1
 0.178987 0.359786 2
 0.443043 0.378710 1
 0.647522 0.100686 1
 0.325711 0.869440 3
 0.607600 0.104174 1
 0.805789 0.749719 4
 0.398775 0.366796 1
 0.394239 0.272189 1
 0.599644 0.068235 1
 0.901549 0.432199 4
 0.881232 0.674850 4
 0.292432 0.224415 1
 0.246071 0.576721 2
 0.301169 0.126080 1
 0.749443 0.480156 4
 0.485866 0.192486 1
 0.858866 0.133388 1
 0.293171 0.184577 1
 0.002828 0.900772 2
 0.288752 0.808617 3
 0.650491 0.687527 3
 0.650491 0.687527 4
 0.175413 0.044729 1
 0.959716 0.775058 4
 0.112964 0.861265 2
 0.207257 0.994196 3
 0.536115 0.667908 3
 0.465835 0.828546 3
 0.892324 0.711906 4
 0.405267 0.193493 1
 0.837986 0.154711 1
 0.673648 0.323852 1
 0.347196 0.532514 2
 0.717092 0.460067 4
 0.541140 0.005843 1
 0.268684 0.191630 1
 0.693370 0.444097 4
 0.236360 0.653087 2
 0.219155 0.349324 2
 0.343520 0.050466 1
 0.094320 0.809355 2
 0.879013 0.986644 3
 0.879013 0.986644 4
 0.521261 0.284280 1
 0.180136 0.359247 2
 0.438990 0.853785 3
 0.683098 0.786187 3
 0.683098 0.786187 4
 0.386299 0.140338 1
 0.426555 0.103390 1
 0.600405 0.967694 3
 0.109233 0.869090 2
 0.159324 0.802604 2
 0.313187 0.395684 2
 0.745008 0.970042 3
 0.958753 0.088528 1
 0.020508 0.053073 1
 0.897883 0.899521 4
 0.039717 0.419144 2
 0.183801 0.219853 1
 0.778391 0.622791 4
 0.073638 0.461489 2
 0.601827 0.835533 3
 0.563327 0.202232 1
 0.803227 0.672560 4
 0.071322 0.962551 3
 0.475164 0.384509 1
 0.358235 0.930854 3
 0.916851 0.103244 1
 0.900896 0.875604 4
 0.191772 0.921405 3
 0.928678 0.089655 1
 0.820926 0.968395 3
 0.508799 0.004727 1
 0.188248 0.287189 2
 0.627518 0.261886 1
 0.748678 0.036496 1
 0.721822 0.350505 1
 0.721822 0.350505 4
 0.872028 0.285149 1
 0.552738 0.675255 3
 0.957709 0.624060 4
 0.637806 0.432873 4
 0.008569 0.996042 3
 0.363727 0.925420 3
 0.099285 0.264624 2
 0.801024 0.291057 1
 0.186029 0.729702 2
 0.380712 0.006954 1
 0.698096 0.889511 3
 0.011681 0.886344 2
 0.176700 0.639199 2
 0.148230 0.925379 3
 0.675694 0.870053 3
 0.275884 0.547723 2
 0.155202 0.828622 2
 0.222978 0.112911 1
 0.452681 0.860784 3
 0.545784 0.461250 4
 0.856826 0.909512 3
 0.856826 0.909512 4
 0.386669 0.956111 3
 0.174136 0.187693 1
 0.247168 0.360164 2
 0.917395 0.627880 4
 0.367118 0.615491 2
 0.517391 0.378799 1
 0.501835 0.694091 3
 0.017998 0.650066 2
 0.619470 0.693692 3
 0.619470 0.693692 4
 0.520118 0.895354 3
 0.241415 0.675320 2
 0.723975 0.464393 4
 0.788231 0.176656 1
 0.325177 0.334016 1
 0.637906 0.182003 1
 0.243528 0.024575 1
 0.138114 0.417663 2
 0.212269 0.385282 2
 0.777828 0.129663 1
 0.013161 0.144946 1
 0.745154 0.530552 4
 0.523745 0.246990 1
 0.224643 0.541743 2
 0.897055 0.844113 4
 0.235435 0.417174 2
 0.739467 0.476850 4
 0.092494 0.463442 2
 0.941243 0.880725 4
 0.640098 0.266420 1
 0.214741 0.278005 1
 0.214741 0.278005 2
 0.302580 0.586537 2
 0.875932 0.514849 4
 0.971818 0.653760 4
 0.644512 0.984980 3
 0.798706 0.389667 4
 0.515532 0.322451 1
 0.636656 0.740175 3
 0.636656 0.740175 4
 0.864194 0.533712 4
 0.584288 0.099629 1
 0.950885 0.323755 4
 0.576479 0.043379 1
 0.787197 0.517722 4
 0.924104 0.427295 4
 0.784142 0.138845 1
 0.705300 0.232565 1
 0.597114 0.007880 1
 0.819102 0.473045 4
 0.522729 0.790920 3
 0.126805 0.167241 1
 0.775899 0.925511 3
 0.556908 0.291431 1
 0.247962 0.193564 1
 0.031606 0.112157 1
 0.727276 0.615894 4
 0.211786 0.678161 2
 0.939649 0.788265 4
 0.721540 0.726846 4
 0.305987 0.645644 2
 0.154141 0.090130 1
 0.784489 0.859441 3
 0.784489 0.859441 4
 0.322695 0.381603 2
 0.867321 0.141796 1
 0.854648 0.390050 4
 0.932716 0.981453 3
 0.932716 0.981453 4
 0.557291 0.708616 3
 0.906964 0.114199 1
 0.000047 0.154927 1
 0.000047 0.154927 2
 0.307763 0.031653 1
 0.267083 0.035039 1
 0.647548 0.478869 4
 0.713200 0.587197 4
 0.267134 0.434740 2
 0.314043 0.573122 2
 0.080384 0.468185 2
 0.663252 0.864873 3
 0.327626 0.985946 3
 0.246476 0.194948 1
 0.127743 0.101124 1
 0.584998 0.060459 1
 0.082577 0.142289 1
 0.769074 0.989541 3
 0.256489 0.769121 2
 0.144468 0.564252 2
 0.800775 0.411551 4
 0.599291 0.448322 4
 0.890420 0.312491 4
 0.035519 0.157555 1
 0.747231 0.349562 1
 0.747231 0.349562 4
 0.730677 0.827615 3
 0.730677 0.827615 4
 0.817747 0.393928 4
 0.692488 0.145373 1
 0.379874 0.938963 3
 0.340321 0.507617 2
 0.040087 0.925318 2
 0.568076 0.122664 1
 0.067608 0.337150 2
 0.112205 0.324096 2
 0.106272 0.256673 2
 0.888348 0.907046 3
 0.888348 0.907046 4
 0.668224 0.487639 4
 0.355369 0.558645 2
 0.800129 0.390888 4
 0.716199 0.547360 4
 0.740450 0.446876 4
 0.840804 0.067462 1
 0.703571 0.220679 1
 0.006426 0.043891 1
 0.728296 0.046513 1
 0.969210 0.296372 4
 0.169177 0.036818 1
 0.633522 0.281382 1
 0.360914 0.739794 3
 0.538055 0.249262 1
 0.646840 0.206280 1
 0.736901 0.002209 1
 0.764925 0.537030 4
 0.084390 0.133548 1
 0.928000 0.459365 4
 0.691745 0.768804 3
 0.691745 0.768804 4
 0.526827 0.395316 1
 0.989483 0.533253 4
 0.439207 0.717778 3
 0.579765 0.408417 1
 0.014150 0.748942 2
 0.030324 0.806149 2
 0.055411 0.034307 1
 0.774659 0.792311 4
 0.036516 0.539584 2
 0.329342 0.429613 2
 0.020708 0.413732 2
 0.563161 0.948708 3
 0.873097 0.254906 1
 0.717512 0.399924 4
 0.650222 0.706995 3
 0.650222 0.706995 4
 0.933176 0.089430 1
 0.261883 0.943081 3
 0.086596 0.292207 2
 0.749230 0.474063 4
 0.860587 0.804641 4
 0.596952 0.544885 4
 0.174830 0.926294 3
 0.974499 0.195538 1
 0.340026 0.537660 2
 0.144246 0.213122 1
 0.792566 0.861759 3
 0.792566 0.861759 4
 0.613046 0.442789 4
 0.568754 0.546222 4
 0.532218 0.993528 3
 0.059163 0.030065 1
 0.432452 0.321047 1
 0.973147 0.519048 4
 0.613254 0.722377 3
 0.613254 0.722377 4
 0.993110 0.473841 4
 0.527017 0.501480 4
 0.109087 0.123969 1
 0.046365 0.283917 2
 0.050263 0.020864 1
 0.479455 0.390289 1
 0.558524 0.623701 4
 0.603411 0.351090 1
 0.485460 0.216457 1
 0.793879 0.054214 1
 0.762679 0.326097 1
 0.047742 0.821842 2
 0.356162 0.480193 2
 0.142889 0.329309 2
 0.999241 0.756143 4
 0.051685 0.992352 3
 0.229984 0.578702 2
 0.493831 0.339071 1
 0.702672 0.540197 4
 0.622988 0.752935 3
 0.561060 0.102443 1
 0.143224 0.119584 1
 0.726144 0.746635 4
 0.470674 0.211604 1
 0.963092 0.264553 4
 0.265818 0.725771 2
 0.590649 0.313560 1
 0.547613 0.946811 3
 0.793753 0.690502 4
 0.276120 0.792995 3
 0.446645 0.327805 1
 0.785346 0.676628 4
 0.906508 0.279178 4
 0.015699 0.609179 2
 0.819374 0.638687 4
 0.362115 0.380434 1
 0.741130 0.505339 4
 0.251974 0.970693 3
 0.678878 0.215066 1
 0.235245 0.944697 3
 0.940837 0.825895 4
 0.258257 0.488450 2
 0.772706 0.052010 1
 0.178952 0.048826 1
 0.845005 0.625596 4
 0.302225 0.283138 1
 0.909529 0.317924 4
 0.892318 0.728903 4
 0.109337 0.697741 2
 0.759771 0.609356 4
 0.165015 0.011745 1
 0.580048 0.843894 3
 0.226811 0.815294 2
 0.788590 0.167648 1
 0.641188 0.046847 1
 0.656098 0.413894 4
 0.098858 0.835050 2
 0.462720 0.943863 3
 0.460646 0.839351 3
 0.574214 0.762871 3
 0.122489 0.483742 2
 0.080795 0.014807 1
 0.212645 0.037406 1
 0.269239 0.321982 1
 0.269239 0.321982 2
 0.735147 0.029011 1
 0.931338 0.900163 4
 0.040756 0.511386 2
 0.744056 0.267567 1
 0.326680 0.532647 2
 0.435216 0.967868 3
 0.579494 0.091314 1
 0.926364 0.844482 4
 0.622214 0.387011 1
 0.683833 0.196428 1
 0.149882 0.806322 2
 0.680170 0.230677 1
 0.821129 0.892815 3
 0.821129 0.892815 4
 0.268084 0.090368 1
 0.214797 0.003231 1
 0.119379 0.146135 1
 0.903394 0.160135 1
 0.657522 0.647450 4
 0.427702 0.984202 3
 0.180096 0.862918 2
 0.952070 0.759590 4
 0.954232 0.333832 4
 0.437942 0.880596 3
 0.178314 0.060156 1
 0.267607 0.862147 3
 0.256583 0.417489 2
 0.668469 0.936754 3
 0.648167 0.489597 4
 0.829569 0.916250 3
 0.829569 0.916250 4
 0.579965 0.044366 1
 0.919481 0.699344 4
 0.190501 0.822875 2
 0.859479 0.848023 4
 0.470325 0.287181 1
 0.832225 0.650421 4
 0.150099 0.784295 2
 0.410011 0.104331 1
 0.118126 0.847953 2
 0.984927 0.296440 4
 0.908109 0.252535 1
 0.158587 0.164692 1
 0.670024 0.827056 3
 0.101446 0.318191 2
 0.316653 0.931014 3
 0.234441 0.896618 3
 0.975380 0.153923 1
 0.595963 0.165882 1
 0.976798 0.455442 4
 0.013905 0.447123 2
 0.742623 0.846130 3
 0.742623 0.846130 4
 0.097544 0.892721 2
 0.630424 0.507555 4
 0.997052 0.748551 4
 0.355508 0.981980 3
 0.044991 0.263617 2
 0.234514 0.203578 1
 0.428309 0.904539 3
 0.030634 0.529754 2
 0.222729 0.347287 2
 0.243905 0.436149 2
 0.611093 0.839868 3
 0.602030 0.587891 4
 0.295309 0.615935 2
 0.035014 0.037932 1
 0.462065 0.132558 1
 0.930653 0.092489 1
 0.640113 0.927706 3
 0.841040 0.995620 3
 0.909686 0.886031 4
 0.259237 0.144200 1
 0.089609 0.687546 2
 0.048739 0.120243 1
 0.217300 0.271468 1
 0.217300 0.271468 2
 0.467529 0.678068 3
 0.728638 0.711434 4
 0.114216 0.339732 2
 0.551302 0.716247 3
 0.927623 0.846611 4
 0.332182 0.962637 3
 0.884543 0.794247 4
 0.095194 0.815197 2
 0.886736 0.735307 4
 0.742903 0.727776 4
 0.730928 0.652588 4
 0.613807 0.990165 3
 0.796788 0.703416 4
 0.677710 0.845527 3
 0.823659 0.895010 3
 0.823659 0.895010 4
 0.116995 0.291188 2
 0.573077 0.845633 3
 0.002623 0.687294 2
 0.185365 0.553925 2
 0.403541 0.112988 1
 0.400536 0.735723 3
 0.075625 0.285080 2
 0.529970 0.170819 1
 0.100276 0.416706 2
 0.906126 0.843179 4
 0.144482 0.637054 2
 0.495767 0.758290 3
 0.627219 0.292555 1
 0.461706 0.304929 1
 0.138082 0.285365 2
 0.199938 0.255076 1
 0.199938 0.255076 2
 0.576553 0.773016 3
 0.100709 0.579176 2
 0.460309 0.286074 1
 0.133100 0.863850 2
 0.599573 0.474687 4
 0.818716 0.129542 1
 0.645506 0.918992 3
 0.546248 0.551633 4
 0.762171 0.690731 4
 0.188687 0.257939 1
 0.188687 0.257939 2
 0.449020 0.815905 3
 0.550494 0.910726 3
 0.120834 0.688576 2
 0.196091 0.320772 2
 0.943652 0.772644 4
 0.093788 0.044362 1
 0.351819 0.554097 2
 0.330436 0.484919 2
 0.417947 0.729499 3
 0.018556 0.017520 1
 0.204186 0.837272 2
 0.147062 0.849692 2
 0.756264 0.693311 4
 0.776374 0.833062 3
 0.776374 0.833062 4
 0.405917 0.326868 1
 0.743788 0.526751 4
 0.015444 0.939879 2
 0.847523 0.959096 3
 0.847523 0.959096 4
 0.712522 0.941311 3
 0.003458 0.064342 1
 0.495408 0.333894 1
 0.549261 0.913355 3
 0.063393 0.567817 2
 0.405089 0.077937 1
 0.117271 0.161353 1
 0.771248 0.518596 4
 0.679788 0.155289 1
 0.108608 0.456162 2
 0.988351 0.514525 4
 0.783030 0.732138 4
 0.041276 0.798474 2
 0.672017 0.888799 3
 0.757571 0.384539 4
 0.830110 0.761029 4
 0.448881 0.325518 1
 0.094923 0.998142 3
 0.238873 0.158316 1
 0.565959 0.169748 1
 0.425894 0.971047 3
 0.247685 0.543165 2
 0.132400 0.018933 1
 0.061761 0.812189 2
 0.174222 0.170368 1
 0.268351 0.162572 1
 0.684893 0.051382 1
 0.894711 0.726169 4
 0.849856 0.566728 4
 0.614968 0.607427 4
 0.951267 0.445079 4
 0.770597 0.463378 4
 0.398290 0.009470 1
 0.621694 0.964248 3
 0.179218 0.047588 1
 0.935296 0.426904 4
 0.590753 0.067696 1
 0.879885 0.620058 4
 0.822882 0.148236 1
 0.782631 0.507775 4
 0.199617 0.677342 2
 0.233944 0.049473 1
 0.244069 0.848912 3
 0.656900 0.195336 1
 0.293991 0.025355 1
 0.595484 0.064588 1
 0.488733 0.993774 3
 0.074058 0.110427 1
 0.680180 0.748768 3
 0.680180 0.748768 4
 0.961014 0.126016 1
 0.401282 0.840899 3
 0.746075 0.224164 1
 0.989134 0.528705 4
 0.731938 0.188752 1
 0.206047 0.965882 3
 0.238225 0.450117 2
 0.814794 0.895125 3
 0.814794 0.895125 4
 0.645453 0.108785 1
 0.920480 0.240937 1
 0.173373 0.409213 2
 0.234711 0.247431 1
 0.519640 0.192734 1
 0.500707 0.677655 3
 0.086052 0.180886 1
 0.426423 0.047066 1
 0.306902 0.827705 3
 0.887965 0.052977 1
 0.051869 0.877099 2
 0.581682 0.783807 3
 0.065851 0.787729 2
 0.749690 0.304075 1
 0.237846 0.564484 2
 0.199200 0.883299 3
 0.673269 0.119679 1
 0.124236 0.846642 2
 0.528892 0.358948 1
 0.094073 0.048532 1
 0.551681 0.594779 4
 0.726187 0.637733 4
 0.775665 0.152610 1
 0.684799 0.082568 1
 0.980315 0.572763 4
 0.135545 0.032184 1
 0.449862 0.717227 3
 0.815991 0.515713 4
 0.819788 0.742802 4
 0.130165 0.018988 1
 0.626101 0.803434 3
 0.138667 0.750337 2
 0.650077 0.667559 4
 0.109285 0.744149 2
 0.716091 0.660966 4
 0.338929 0.442278 2
 0.298698 0.114594 1
 0.594888 0.983497 3
 0.197162 0.575203 2
 0.556260 0.332706 1
 0.607387 0.006122 1
 0.049933 0.423378 2
 0.989059 0.341622 4
 0.297691 0.119224 1
 0.360610 0.923792 3
 0.922658 0.499278 4
 0.674129 0.572735 4
 0.166837 0.783413 2
 0.316884 0.882928 3
 0.444379 0.655813 3
 0.325206 0.743078 3
 0.770407 0.920094 3
 0.726575 0.967568 3
 0.495297 0.282835 1
 0.300275 0.102683 1
 0.288957 0.350207 2
 0.526061 0.810791 3
 0.905096 0.515120 4
 0.152413 0.202787 1
 0.634344 0.513024 4
 0.126579 0.557002 2
 0.012301 0.800708 2
 0.129737 0.179138 1
 0.584121 0.446622 4
 0.062067 0.028500 1
 0.102434 0.387273 2
 0.771578 0.872841 3
 0.771578 0.872841 4
 0.307366 0.498153 2
 0.840409 0.802663 4
 0.780987 0.140684 1
 0.905346 0.069944 1
 0.880735 0.395988 4
 0.946527 0.033148 1
 0.598775 0.580872 4
 0.546172 0.725354 3
 0.137874 0.558473 2
 0.526062 0.267611 1
 0.737611 0.110183 1
 0.714233 0.799678 3
 0.714233 0.799678 4
 0.138684 0.816667 2
 0.186951 0.910262 3
 0.689509 0.494317 4
 0.296980 0.189401 1
 0.670602 0.202326 1
 0.259345 0.161494 1
 0.633734 0.140080 1
 0.557481 0.580261 4
 0.173228 0.156257 1
 0.161133 0.719400 2
 0.881611 0.299007 4
 0.277873 0.407673 2
 0.566618 0.015484 1
 0.517856 0.280851 1
 0.815162 0.656540 4
 0.097518 0.002113 1
 0.566801 0.787027 3
 0.496430 0.975215 3
 0.316945 0.793410 3
 0.164617 0.987547 3
 0.995737 0.423962 4
 0.149041 0.629471 2
 0.564042 0.706522 3
 0.209732 0.737270 2
 0.862779 0.370865 4
 0.456670 0.744390 3
 0.669871 0.734543 3
 0.669871 0.734543 4
 0.152062 0.236490 1
 0.152062 0.236490 2
 0.750027 0.669918 4
 0.326458 0.614859 2
 0.567302 0.893259 3
 0.401886 0.063733 1
 0.868474 0.718831 4
 0.857143 0.033091 1
 0.706378 0.852880 3
 0.457052 0.855419 3
 0.482350 0.021094 1
 0.561941 0.692082 3
 0.758364 0.424720 4
 0.062947 0.215033 2
 0.169109 0.732818 2
 0.949576 0.321172 4
 0.969308 0.699603 4
 0.991090 0.486648 4
 0.264793 0.317548 1
 0.264793 0.317548 2
 0.101507 0.832095 2
 0.210806 0.503394 2
 0.895828 0.079281 1
 0.222225 0.752971 2
 0.112371 0.928603 3
 0.605850 0.569424 4
 0.784022 0.088201 1
 0.590518 0.345963 1
 0.780283 0.348881 4
 0.770682 0.843230 3
 0.770682 0.843230 4
 0.563915 0.939791 3
 0.576048 0.513491 4
 0.260963 0.545356 2
 0.213094 0.252053 1
 0.032004 0.477887 2
 0.569600 0.133512 1
 0.309982 0.780407 3
 0.636905 0.205809 1
 0.859687 0.859130 4
 0.958780 0.972059 4
 0.787733 0.564630 4
 0.541482 0.571755 4
 0.652831 0.132000 1
 0.917717 0.433114 4
 0.480881 0.688399 3
 0.276344 0.044796 1
 0.628191 0.852391 3
 0.558287 0.889154 3
 0.397747 0.771381 3
 0.141207 0.429751 2
 0.249267 0.710807 2
 0.563263 0.559249 4
 0.491214 0.200168 1
 0.765058 0.350901 4
 0.059298 0.723838 2
 0.322960 0.847031 3
 0.288468 0.864442 3
 0.418785 0.941299 3
 0.996442 0.336502 4
 0.024902 0.650757 2
 0.522119 0.653093 3
 0.503148 0.080405 1
 0.542247 0.900895 3
 0.851786 0.683453 4
 0.330647 0.101054 1
 0.394260 0.893909 3
 0.660302 0.885474 3
 0.094077 0.425361 2
 0.236375 0.153375 1
 0.149199 0.559335 2
 0.000406 0.437667 2
 0.755693 0.753379 4
 0.897541 0.780595 4
 0.433687 0.907284 3
 0.500065 0.975934 3
 0.808179 0.351851 4
 0.659387 0.138826 1
 0.452905 0.053647 1
 0.032735 0.113207 1
 0.939121 0.126812 1
 0.538568 0.175496 1
 0.280188 0.687766 2
 0.734831 0.280593 1
 0.125433 0.158607 1
 0.699784 0.504399 4
 0.578825 0.455477 4
 0.257778 0.476366 2
 0.236071 0.661914 2
 0.896026 0.669759 4
 0.569198 0.396091 1
 0.645693 0.377377 1
 0.747942 0.305080 1
 0.516203 0.200847 1
 0.358727 0.548938 2
 0.314054 0.297849 1
 0.675750 0.852622 3
 0.473345 0.955938 3
 0.540389 0.208175 1
 0.236531 0.665822 2
 0.366783 0.936315 3
 0.170221 0.945608 3
 0.089914 0.318000 2
 0.297622 0.659112 2
 0.714091 0.943315 3
 0.036489 0.462033 2
 0.248395 0.552692 2
 0.662880 0.607122 4
 0.101630 0.976935 3
 0.904971 0.777380 4
 0.829557 0.378316 4
 0.733318 0.369946 4
 0.586491 0.969849 3
 0.035767 0.953274 2
 0.035767 0.953274 3
 0.906164 0.205989 1
 0.898882 0.297956 4
 0.633988 0.320857 1
 0.925819 0.723902 4
 0.638857 0.223441 1
 0.383013 0.352948 1
 0.166755 0.419502 2
 0.814982 0.415150 4
 0.972194 0.477862 4
 0.022273 0.073824 1
 0.454797 0.927244 3
 0.851204 0.284354 1
 0.305560 0.584522 2
 0.654299 0.892051 3
 0.554371 0.690067 3
 0.845325 0.460535 4
 0.896055 0.744207 4
 0.758491 0.530043 4
 0.065064 0.684310 2
 0.253945 0.703921 2
 0.907750 0.636959 4
 0.056869 0.074505 1
 0.056461 0.871851 2
 0.489656 0.028655 1
 0.349713 0.511929 2
 0.102479 0.804510 2
 0.439173 0.953683 3
 0.088864 0.744732 2
 0.538205 0.743163 3
 0.636783 0.092576 1
 0.553111 0.329285 1
 0.226314 0.311602 2
 0.859329 0.291378 1
 0.995912 0.113274 1
 0.995298 0.903662 4
 0.750232 0.052167 1
 0.978167 0.806693 4
 0.924018 0.467823 4
 0.835348 0.273731 1
 0.979752 0.937826 4
 0.078241 0.418925 2
 0.891509 0.167104 1
 0.163657 0.429714 2
 0.910267 0.800440 4
 0.522290 0.343497 1
 0.282547 0.075401 1
 0.672782 0.508861 4
 0.800239 0.382915 4
 0.645385 0.795537 3
 0.286577 0.395617 2
 0.847705 0.264745 1
 0.202310 0.771723 2
 0.732568 0.037658 1
 0.045454 0.712320 2
 0.975484 0.123695 1
 0.131244 0.866993 2
 0.290799 0.294901 1
 0.296707 0.201067 1
 0.095341 0.818996 2
 0.544564 0.377888 1
 0.894397 0.217346 1
 0.886749 0.281401 1
 0.749457 0.686988 4
 0.664316 0.394842 4
 0.482525 0.950893 3
 0.790458 0.330230 1
 0.790458 0.330230 4
 0.215638 0.992768 3
 0.101953 0.948206 3
 0.030426 0.147407 1
 0.660526 0.005910 1
 0.271102 0.791770 3
 0.872903 0.561902 4
 0.086671 0.169610 1
 0.762968 0.182012 1
 0.988606 0.307532 4
 0.559900 0.883004 3
 0.164405 0.274335 2
 0.133637 0.828721 2
 0.669177 0.616163 4
 0.779615 0.459635 4
 0.946393 0.995253 3
 0.946393 0.995253 4
 0.452404 0.048346 1
 0.943459 0.482830 4
 0.195753 0.603984 2
 0.395754 0.361644 1
 0.028757 0.482426 2
 0.531254 0.791725 3
 0.664438 0.519860 4
 0.099258 0.224338 1
 0.099258 0.224338 2
 0.670987 0.567269 4
 0.898471 0.804625 4
 0.420787 0.175605 1
 0.027284 0.367180 2
 0.170857 0.479688 2
 0.415526 0.114316 1
 0.962518 0.611279 4
 0.718300 0.451258 4
 0.078135 0.114054 1
 0.812902 0.106892 1
 0.596480 0.344156 1
 0.898617 0.260918 1
 0.864016 0.997875 3
 0.485257 0.266880 1
 0.622011 0.156244 1
 0.834149 0.520482 4
 0.960868 0.230139 1
 0.088130 0.381656 2
 0.405744 0.115414 1
 0.748836 0.576601 4
 0.595102 0.164362 1
 0.690917 0.557619 4
 0.775641 0.409217 4
 0.008877 0.853776 2
 0.523271 0.821779 3
 0.960668 0.119752 1
 0.165934 0.859285 2
 0.380670 0.029950 1
 0.857159 0.865927 4
 0.296830 0.479170 2
 0.022170 0.130979 1
 0.999652 0.983039 4
 0.361119 0.087782 1
 0.364695 0.766862 3
 0.203196 0.113530 1
